N H01 0.374862 1
N O01 0 1
N O02 0 1
N O03 0 1
N I01 0 1
N I02 0 1
N I03 0 1
N I04 0 1
N I05 0 1
N I06 0 1
N I07 0 1
S H01 O02 -0.0777942 1, 12.7952775235, 12.2047224765
S O03 I02 0.514198 1, 10.5926740157, 14.4073259843
S I01 O01 0.216366 1, 11.6818179459, 13.3181820541
S I03 I07 0.339806 1, 11.2229731633, 13.7770268367
S I04 O03 0.255615 1, 11.5350251817, 13.4649748183
S I04 I03 0.117927 1, 12.0527169889, 12.9472830111
S I05 I01 -0.857962 1, 15.5627115894, 9.43728841062
S I06 O02 0.628149 1, 10.1955308064, 14.8044691936
S I07 O03 0.116722 1, 12.0572758988, 12.9427241012
INPUT 3 I01
INPUT 4 I02
INPUT 7 I03
INPUT 8 I04
INPUT 9 I05
INPUT 10 I06
OUTPUT 0 O01
OUTPUT 1 O02
OUTPUT 2 O03



# NETWORK
N -10 9 1 0.374862 1 H01
N 0 -12 0 0 1	---
N 0 12 0 0 1	O01
N 1 -12 0 0 1	---
N 1 12 0 0 1	O02
N 2 -12 0 0 1	---
N 2 12 0 0 1	O03
N 3 -12 0 0 1	I01
N 4 -12 0 0 1	I02
N 5 -12 0 0 1	---
N 6 -12 0 0 1	---
N 7 -12 0 0 1	I03
N 8 -12 0 0 1	I04
N 9 -12 0 0 1	I05
N 10 -12 0 0 1	I06
N 11 -12 0 0 1	I07
S H01 1 12 0 -0.0777942 1
S 2 12 0 4 -12 0 0.514198 1
S 3 -12 0 0 12 0 0.216366 1
S 7 -12 0 11 -12 0 0.339806 1
S 8 -12 0 2 12 0 0.255615 1
S 8 -12 0 7 -12 0 0.117927 1
S 9 -12 0 3 -12 0 -0.857962 1
S 10 -12 0 1 12 0 0.628149 1
S 11 -12 0 2 12 0 0.116722 1
INPUT 0 0 -12 0
INPUT 1 1 -12 0
INPUT 2 2 -12 0
INPUT 3 3 -12 0
INPUT 4 4 -12 0
INPUT 5 5 -12 0
INPUT 6 6 -12 0
INPUT 7 7 -12 0
INPUT 8 8 -12 0
INPUT 9 9 -12 0
INPUT 10 10 -12 0
INPUT 11 11 -12 0
OUTPUT 0 0 12 0
OUTPUT 1 1 12 0
OUTPUT 2 2 12 0

# NETWORK
N -10 9 1 0.374862 1 
N 0 -12 0 0 1
N 0 12 0 0 1
N 1 -12 0 0 1
N 1 12 0 0 1
N 2 -12 0 0 1
N 2 12 0 0 1
N 3 -12 0 0 1
N 4 -12 0 0 1
N 5 -12 0 0 1
N 6 -12 0 0 1
N 7 -12 0 0 1
N 8 -12 0 0 1
N 9 -12 0 0 1
N 10 -12 0 0 1
N 11 -12 0 0 1
S -10 9 1 1 12 0 -0.0777942 1
S 2 12 0 4 -12 0 0.514198 1
S 3 -12 0 0 12 0 0.216366 1
S 7 -12 0 11 -12 0 0.339806 1
S 8 -12 0 2 12 0 0.255615 1
S 8 -12 0 7 -12 0 0.117927 1
S 9 -12 0 3 -12 0 -0.857962 1
S 10 -12 0 1 12 0 0.628149 1
S 11 -12 0 2 12 0 0.116722 1
INPUT 0 0 -12 0
INPUT 1 1 -12 0
INPUT 2 2 -12 0
INPUT 3 3 -12 0
INPUT 4 4 -12 0
INPUT 5 5 -12 0
INPUT 6 6 -12 0
INPUT 7 7 -12 0
INPUT 8 8 -12 0
INPUT 9 9 -12 0
INPUT 10 10 -12 0
INPUT 11 11 -12 0
OUTPUT 0 0 12 0
OUTPUT 1 1 12 0
OUTPUT 2 2 12 0

